-4.836563 -5.980164 -7.027529 -8.011564 -9.180911 -9.913149 -11.018012 -11.958582 -12.983927 
-3.391413 -4.971997 -5.945113 -6.865744 -7.927705 -9.936747 -9.909780 -10.677254 -11.773154 
-3.449021 -4.545548 -5.293983 -6.949843 -7.000000 -8.000000 -9.000000 -10.228973 -12.008674 
-4.075123 -4.954720 -5.903291 -6.939316 -7.960534 -9.009140 -9.938930 -10.983079 -11.908196 
-4.951970 -6.221846 -7.022699 -8.016835 -8.939061 -9.930470 -10.886669 -11.871577 -12.937695 
-6.000000 -6.716233 -8.000000 -9.000000 -10.000000 -10.660632 -12.000000 -13.000000 -13.506254 
-4.052522 -6.208470 -6.973025 -7.839004 -9.085983 -11.000000 -11.030376 -12.032992 -12.835470 
-3.883735 -4.877038 -5.951106 -7.079881 -7.869942 -9.195653 -9.827210 -11.200830 -11.987780 
-3.331128 -4.000000 -5.326157 -6.258665 -7.321204 -8.000000 -9.496330 -10.498968 -11.000000 
-4.102988 -4.646425 -5.915647 -6.710049 -8.088155 -8.948052 -10.067521 -11.138786 -11.950077 
-5.075886 -6.128117 -7.176686 -7.852653 -9.145557 -9.924804 -10.910911 -11.857446 -13.071522 
-5.655241 -6.595056 -8.000000 -9.000000 -9.339644 -11.000000 -11.830526 -13.000000 -13.679155 
-4.995342 -6.051979 -7.010116 -7.948887 -8.963851 -10.003519 -11.061451 -12.107031 -13.071353 
-4.096460 -4.946880 -5.949573 -6.991275 -7.899027 -9.083407 -9.892069 -11.015599 -11.950758 
