-3.026566 -1.826671 -1.393663 -1.706608 -2.966903 -3.582861 -3.038664 -1.931642 -1.325909 -1.846941 -2.767188 -3.600148 -2.909153 -1.945870 
-4.021142 -2.915359 -2.467391 -2.707643 -4.168198 -3.917035 -4.018829 -3.211183 -2.000000 -2.779367 -3.941286 -4.901367 -4.028029 -3.139808 
-5.338155 -3.932207 -3.194462 -4.183871 -4.968859 -5.784901 -5.052836 -3.954972 -3.979093 -4.036494 -4.875962 -5.644495 -4.997284 -4.069550 
-5.864258 -5.130494 -4.000000 -4.884860 -6.075096 -6.037674 -5.942296 -4.856822 -4.531485 -5.175142 -6.046528 -6.682151 -5.976262 -4.849734 
-7.027717 -6.059820 -5.441630 -6.099290 -7.039583 -8.000000 -7.006480 -5.921912 -5.443177 -5.994508 -6.972125 -7.942769 -7.097369 -5.984123 
-8.071054 -7.084198 -6.489886 -7.117023 -7.874337 -8.628242 -8.135919 -6.933545 -6.414840 -6.731288 -8.137693 -8.976059 -7.888265 -6.887215 
-9.025946 -8.099951 -7.000000 -8.114531 -8.979084 -9.038523 -9.027472 -7.903543 -7.000000 -8.258113 -9.177512 -10.000000 -9.067395 -7.886001 
-10.104912 -8.942944 -8.548392 -9.195655 -9.839336 -10.507087 -9.964875 -9.126337 -8.429154 -8.939778 -9.982337 -11.000000 -9.884671 -8.767589 
-10.874749 -9.935797 -9.297300 -10.009237 -11.074447 -12.000000 -11.021582 -10.014721 -9.000000 -10.044603 -10.914002 -11.743626 -10.947427 -10.209333 
-12.286197 -10.882480 -10.000000 -10.865813 -11.998594 -12.904643 -11.962777 -11.008522 -10.000000 -11.038948 -12.152314 -12.514314 -11.885374 -11.074789 
-12.969267 -12.149717 -11.376801 -12.160423 -12.990038 -14.000000 -12.946402 -12.014534 -11.000000 -11.931939 -13.044908 -13.619304 -13.001931 -12.085504 
