0.585514 0.401167 0.470284 0.486051 0.381405 0.667703 0.691434 0.463715 0.440454 0.660419 0.387866 
-0.635479 -0.541502 -1.121865 -0.438763 -0.544806 0.542091 -0.471201 -0.350574 -0.614610 -0.524799 -0.534830 
-1.045697 -0.988623 -0.877263 -1.148708 -1.089179 -0.416692 -0.851749 -1.039189 -0.439996 -0.989145 -0.950787 
-0.535558 -0.656852 -0.400000 -0.568005 -0.491053 -0.423230 -0.519120 -0.466520 -0.432813 -0.315631 -0.653118 
0.587803 0.562026 0.608305 0.553467 0.648182 0.366677 0.306099 0.573081 0.515474 0.399393 0.398414 
1.124912 1.041881 1.135425 0.923823 1.014055 1.056623 1.040368 1.002193 1.177978 0.988356 0.980636 
0.461957 0.484320 -0.479725 0.512957 0.730676 0.804570 0.357315 0.537918 0.438354 0.400667 0.597248 
-0.290491 -0.280274 -0.478256 -0.298890 -0.517203 -0.424716 -0.518018 -0.370410 -0.562852 -0.627999 -0.428811 
-1.096651 -1.045078 -1.039529 -1.006546 -0.830019 -1.002387 -0.957326 -0.966126 -0.954099 -0.940531 -0.848424 
-0.510607 -0.449649 -0.541334 -0.359980 -0.399361 -0.528433 -0.498373 -0.519617 -0.543182 -0.325745 -0.388603 
0.545259 0.553227 0.636096 0.568973 0.444877 0.426769 0.322343 0.620020 0.720922 0.618006 0.472457 
0.983768 1.036277 1.070913 1.007564 0.942722 0.962790 1.112789 1.086865 0.958000 0.931379 0.863567 
0.557883 0.513519 0.460588 0.375229 0.457561 0.556006 0.633261 0.476488 0.449299 0.687534 0.407591 
-0.505259 -0.520815 -0.431597 -0.575751 -0.664735 -0.466704 -0.411165 -0.454192 -0.530917 -0.657017 -0.565608 

S
0 0 0 0 0 0 0 0 0 0 0 
0 0 0 0 0 0 0 0 -1 0 0 
0 -1 -1 -1 -1 0 -1 -1 0 0 0 
0 0 0 0 0 0 0 0 0 0 0 
0 0 0 0 0 0 0 0 0 0 0 
0 +1 0 +1 +1 +1 +1 +1 +1 0 0 
0 0 0 0 0 0 0 0 0 0 0 
0 0 0 0 0 0 0 0 0 0 0 
0 -1 -1 -1 -1 -1 -1 -1 -1 0 0 
0 0 0 0 0 0 0 0 0 0 0 
0 0 0 0 0 0 0 0 0 0 0 
0 +1 +1 +1 +1 +1 +1 +1 +1 0 0 
0 0 0 0 0 0 0 0 0 0 0 
0 0 0 0 0 0 0 0 0 0 0 
0 0 0 0 0 0 0 0 0 0 0 
0 0 0 0 0 0 0 0 0 0 0 
0 0 0 0 0 0 0 0 0 0 0 
0 0 0 0 0 0 0 0 0 0 0 
0 0 0 0 0 0 0 0 0 0 0 
0 0 0 0 0 0 0 0 0 0 0 
0 0 0 0 0 0 0 0 0 0 0 
0 0 0 0 0 0 0 0 0 0 0 
0 0 0 0 0 0 0 0 0 0 0 
0 0 0 0 0 0 0 0 0 0 0 
0 0 0 0 0 0 0 0 0 0 0 
0 0 0 0 0 0 0 0 0 0 0 
0 0 0 0 0 0 0 0 0 0 0 
0 0 0 0 0 0 0 0 0 0 0 
