0.523897 -0.648116 -0.916225 -0.738497 0.469690 0.906099 0.534645 -0.560661 -0.942323 -0.631807 0.276162 0.913609 0.415474 -0.548261 
0.519050 -0.574698 -0.882591 -0.737765 0.644015 0.422968 0.516978 -0.297858 -1.141956 -0.685030 0.445841 0.994670 0.525200 -0.368311 
0.769280 -0.560171 -0.979337 -0.325035 0.471497 0.974738 0.547127 -0.540265 -0.518839 -0.466547 0.383614 0.931499 0.497535 -0.435655 
0.372267 -0.377361 -1.051681 -0.600537 0.566489 0.533769 0.446788 -0.623752 -0.849072 -0.333667 0.541586 0.945115 0.478320 -0.629537 
0.524923 -0.444804 -0.894952 -0.407416 0.535458 1.023004 0.505865 -0.569068 -0.894227 -0.504973 0.474511 0.998205 0.585554 -0.514329 
0.562996 -0.421798 -0.871273 -0.390388 0.382042 0.925173 0.617793 -0.559010 -0.907114 -0.720826 0.619253 0.999686 0.395480 -0.598564 
0.523343 -0.406783 -1.000863 -0.392789 0.480913 0.534520 0.524704 -0.584780 -1.058997 -0.250603 0.651446 1.016093 0.559825 -0.599582 
0.591939 -0.550821 -0.839587 -0.313341 0.347921 0.869713 0.467814 -0.381390 -0.900704 -0.553585 0.483897 1.038894 0.392021 -0.693963 
0.382440 -0.557052 -0.951926 -0.491600 0.565929 1.009276 0.519444 -0.486590 -1.044169 -0.459019 0.420087 0.964177 0.451588 -0.299707 
0.733395 -0.602528 -1.029357 -0.616365 0.498725 0.995018 0.465872 -0.492251 -1.214730 -0.464272 0.631202 0.873423 0.392697 -0.430711 
0.471874 -0.358645 -0.923156 -0.348157 0.490938 1.038069 0.450630 -0.486762 -1.111269 -0.560402 0.540159 0.921580 0.501750 -0.420557 

S
0 0 0 0 0 0 0 0 0 0 0 0 0 0 
0 0 -1 0 0 0 +1 0 -1 0 0 +1 0 0 
0 0 -1 0 0 +1 0 0 -1 0 0 +1 0 0 
0 0 -1 0 0 +1 0 0 -1 0 0 +1 0 0 
0 0 -1 0 0 +1 0 0 -1 0 0 +1 0 0 
0 0 -1 0 0 +1 0 0 -1 0 0 +1 0 0 
0 0 -1 0 0 +1 0 0 -1 0 0 +1 0 0 
0 0 -1 0 0 +1 0 0 -1 0 0 +1 0 0 
0 0 -1 0 0 +1 0 0 -1 0 0 +1 0 0 
0 0 0 0 0 0 0 0 0 0 0 0 0 0 
0 0 0 0 0 0 0 0 0 0 0 0 0 0 
0 0 0 0 0 0 0 0 0 0 0 0 0 0 
0 0 0 0 0 0 0 0 0 0 0 0 0 0 
0 0 0 0 0 0 0 0 0 0 0 0 0 0 
0 0 0 0 0 0 0 0 0 0 0 0 0 0 
0 0 0 0 0 0 0 0 0 0 0 0 0 0 
0 0 0 0 0 0 0 0 0 0 0 0 0 0 
0 0 0 0 0 0 0 0 0 0 0 0 0 0 
0 0 0 0 0 0 0 0 0 0 0 0 0 0 
0 0 0 0 0 0 0 0 0 0 0 0 0 0 
0 0 0 0 0 0 0 0 0 0 0 0 0 0 
0 0 0 0 0 0 0 0 0 0 0 0 0 0 
