-3.097322 -3.894185 -4.967546 -5.984689 -6.873679 -8.198168 -9.229062 -9.960451 -10.935547 -12.188864 -12.880363 
-1.842408 -2.953567 -3.000000 -5.066250 -5.949810 -8.047102 -8.031462 -9.157959 -9.867940 -10.972422 -11.961127 
-1.000000 -2.144181 -3.478102 -4.000000 -5.000000 -7.089568 -7.526626 -8.000000 -10.064939 -10.140828 -11.300833 
-1.960304 -2.815663 -4.107030 -4.923146 -6.009836 -7.082688 -7.978779 -9.036522 -10.072563 -11.193352 -11.820381 
-3.100021 -4.069933 -5.124451 -6.060087 -7.173411 -7.858514 -8.797071 -10.082756 -11.017152 -11.892337 -12.891318 
-4.000000 -5.000000 -6.000000 -6.624860 -8.000000 -9.000000 -10.000000 -11.000000 -12.000000 -12.854133 -13.811770 
-2.958558 -3.982798 -4.022209 -6.014350 -7.282385 -8.392813 -8.848924 -10.042366 -10.933315 -11.893665 -13.111217 
-2.218544 -3.228724 -4.023808 -5.210151 -5.980920 -7.081122 -7.980010 -9.137651 -9.929112 -10.851623 -12.076798 
-1.000000 -2.000000 -3.000000 -4.000000 -5.564989 -6.000000 -7.279979 -8.249261 -9.290452 -10.330983 -11.532656 
-1.988262 -3.054647 -3.953758 -5.148351 -6.107697 -6.968340 -8.001793 -8.978223 -9.951658 -11.183154 -12.118873 
-3.050707 -4.059811 -5.158356 -6.077977 -6.940258 -7.921045 -8.813411 -10.138626 -11.268844 -12.136178 -12.969899 
-3.827707 -5.000000 -6.000000 -7.000000 -7.675230 -8.738680 -10.000000 -11.000000 -11.722256 -12.644180 -13.495324 
-3.065158 -4.014976 -4.957085 -5.867308 -6.953831 -8.063001 -9.154852 -9.974271 -10.944978 -12.223920 -12.900893 
-1.994191 -2.976884 -4.073851 -4.914130 -5.805633 -7.036324 -8.095366 -9.049784 -9.965543 -10.815453 -11.925925 
