0.664443 -0.379170 -1.041978 -0.507566 0.471088 1.049894 0.460210 -0.472241 -0.909204 -0.607278 0.426137 0.984848 0.307429 -0.489574 
0.449012 -0.391377 -1.075174 -0.748178 0.638111 1.076080 0.260356 -0.631033 -1.034682 -0.487527 0.416022 1.009841 0.494483 -0.452686 
0.469248 -0.524059 -0.856786 -0.488870 0.346183 0.874376 0.497564 -0.668481 -0.487526 -0.456842 0.556010 0.922797 0.509419 -0.550127 
0.645397 -0.538609 -1.171467 -0.598186 0.405699 1.140970 0.575972 -0.626196 -0.922779 -0.365074 0.335797 0.866995 0.521577 -0.491951 
0.521774 -0.392900 -0.930306 -0.419611 0.574966 0.870931 0.588409 -0.575822 -1.061868 -0.455695 0.451386 0.917707 0.464748 -0.427198 
0.453621 -0.406056 -0.875012 -0.582354 0.663183 0.972290 0.510095 -0.450705 -0.890778 -0.338086 0.425747 1.077843 0.495468 -0.382486 
0.513891 -0.463859 -0.907278 -0.481281 0.604682 0.385919 0.529255 -0.441031 -0.978037 -0.537624 0.627424 0.963949 0.423779 -0.506839 
0.657593 -0.506446 -0.865468 -0.683824 0.493281 1.074806 0.417669 -0.423045 -0.924773 -0.509222 0.320710 1.191573 0.467764 -0.605570 
0.488252 -0.668203 -0.837286 -0.384150 0.398364 1.004394 0.407306 -0.552418 -0.931524 -0.456255 0.483043 1.085168 0.615326 -0.395693 

S
0 0 0 0 0 0 0 0 0 0 0 0 0 0 
0 0 -1 0 0 +1 0 0 -1 0 0 +1 0 0 
0 0 -1 0 0 +1 0 -1 0 0 0 +1 0 0 
0 0 -1 0 0 +1 0 0 -1 0 0 +1 0 0 
0 0 -1 0 0 +1 0 0 -1 0 0 +1 0 0 
0 0 -1 0 0 +1 0 0 -1 0 0 +1 0 0 
0 0 -1 0 +1 0 +1 0 -1 0 0 +1 0 0 
0 0 0 0 0 0 0 0 0 0 0 0 0 0 
0 0 0 0 0 0 0 0 0 0 0 0 0 0 
0 0 0 0 0 0 0 0 0 0 0 0 0 0 
0 0 0 0 0 0 0 0 0 0 0 0 0 0 
0 0 0 0 0 0 0 0 0 0 0 0 0 0 
0 0 0 0 0 0 0 0 0 0 0 0 0 0 
0 0 0 0 0 0 0 0 0 0 0 0 0 0 
0 0 0 0 0 0 0 0 0 0 0 0 0 0 
0 0 0 0 0 0 0 0 0 0 0 0 0 0 
0 0 0 0 0 0 0 0 0 0 0 0 0 0 
0 0 0 0 0 0 0 0 0 0 0 0 0 0 
