0.345196 0.481904 0.524755 0.510451 0.654143 0.419277 0.516245 0.461979 0.485353 
-0.917166 -0.525177 -0.548924 -0.616423 -0.564070 0.441582 -0.579469 -0.758871 -0.689756 
-0.891471 -0.841201 -0.952985 -0.544777 -1.156871 -1.149275 -1.029528 -0.971390 -0.492113 
-0.430394 -0.540487 -0.584994 -0.553988 -0.535355 -0.491688 -0.554324 -0.515266 -0.580820 
0.455827 0.685955 0.520442 0.515190 0.443754 0.435674 0.393944 0.379370 0.442472 
1.044612 0.956172 1.059973 1.155019 1.138735 0.937513 1.195925 1.054690 0.869281 
-0.451636 0.675696 0.475340 0.347595 0.575847 1.024884 0.527290 0.529616 0.344122 
-0.601479 -0.607067 -0.543667 -0.425892 -0.612955 -0.313343 -0.647687 -0.308190 -0.511041 
-0.940480 -1.118316 -0.942236 -0.963538 -0.943961 -1.094552 -0.867941 -0.866565 -1.206486 
-0.403876 -0.779497 -0.574451 -0.736062 -0.418037 -0.546349 -0.437567 -0.369306 -0.544571 
0.567171 0.611348 0.650789 0.360960 0.625698 0.430326 0.417148 0.365637 0.563400 
0.935533 0.911427 1.197047 1.167611 0.770276 1.048919 0.984293 1.023644 0.944085 
0.495769 0.546376 0.509146 0.452952 0.466866 0.503188 0.554657 0.593726 0.563255 
-0.410120 -0.547377 -0.545014 -0.507892 -0.588610 -0.422548 -0.594484 -0.485787 -0.543974 

S
0 0 0 0 0 0 0 0 0 
0 0 0 0 0 0 0 0 0 
0 -1 -1 -1 -1 -1 -1 0 0 
0 0 0 0 0 0 0 0 0 
0 0 0 0 0 0 0 0 0 
0 +1 +1 +1 +1 +1 +1 0 0 
0 0 0 0 0 0 0 0 0 
0 0 0 0 0 0 0 0 0 
0 -1 -1 -1 -1 -1 -1 0 0 
0 0 0 0 0 0 0 0 0 
0 0 0 0 0 0 0 0 0 
0 +1 +1 +1 +1 +1 +1 0 0 
0 0 0 0 0 0 0 0 0 
0 0 0 0 0 0 0 0 0 
0 0 0 0 0 0 0 0 0 
0 0 0 0 0 0 0 0 0 
0 0 0 0 0 0 0 0 0 
0 0 0 0 0 0 0 0 0 
0 0 0 0 0 0 0 0 0 
0 0 0 0 0 0 0 0 0 
0 0 0 0 0 0 0 0 0 
0 0 0 0 0 0 0 0 0 
0 0 0 0 0 0 0 0 0 
0 0 0 0 0 0 0 0 0 
0 0 0 0 0 0 0 0 0 
0 0 0 0 0 0 0 0 0 
0 0 0 0 0 0 0 0 0 
0 0 0 0 0 0 0 0 0 
